annee2 <-c(2000,2001,2002,2003,2004,2005,2006,2007,2008,2009,2010,2011)
CAC40 <-c(5931.68,4603.81,3028.15,3498.76,3820.87,4761.61,5531.63,5617.82,3242.3,3950.59,3853.71,3139.91)
variation <-c(0,0.78,0.66,1.16,1.09,1.25,1.16,1.02,0.58,1.22,0.98,0.81)